0.000728 0.010274 0.002476 -0.006532 0.000000 -0.009110
0.003053 -0.015015 -0.043134 0.052311 -0.001146 0.005615
0.004167 -0.076882 -0.006444 0.014439 0.001719 0.024007
0.001813 -0.062259 0.017134 0.015413 0.009110 0.040852
0.004152 -0.079004 0.029347 0.025840 0.011115 0.049561
0.021806 -0.054450 0.053870 0.022059 -0.003151 0.048186
0.035780 -0.052577 0.061563 0.025153 -0.018850 0.042571
0.044587 -0.038058 0.043821 0.029851 -0.025669 0.038216
0.055468 0.028156 0.034744 0.021543 -0.042915 0.023377
0.061438 0.006521 -0.018695 0.038216 -0.059187 0.105997
0.056484 -0.072658 0.035525 0.042055 -0.064744 0.103820
0.068807 -0.070190 0.059252 -0.005730 -0.067323 0.077750
0.061113 0.025300 0.041885 -0.037586 -0.069041 0.049561
0.059909 -0.033439 0.022633 -0.033289 -0.047899 0.072135
0.048245 -0.079390 0.021455 0.032200 -0.036612 0.085428
0.043376 -0.070200 0.025815 0.000057 -0.030825 0.066807
0.036134 -0.024425 0.019000 0.015928 -0.031799 0.052769
0.030899 -0.019709 0.004524 -0.003266 -0.016444 0.057009
0.026953 -0.013365 -0.020950 0.052769 -0.019481 0.032258
0.022805 -0.043728 0.009818 0.034377 -0.018621 0.018678
0.023589 -0.037385 0.024486 0.006990 -0.017704 0.010485
0.027969 0.003622 -0.000529 0.045722 -0.022804 0.037529
0.040510 0.042992 0.022738 0.143526 -0.029794 0.041253
0.032649 0.016410 0.000357 0.096028 -0.032544 0.007391
0.023733 -0.015828 0.021819 0.087835 -0.033002 -0.009969
0.040745 0.067722 0.006456 0.133671 -0.055233 -0.011115
0.029233 0.063941 -0.006225 0.158595 -0.049905 -0.023950
0.026523 0.052662 -0.005870 0.145646 -0.047212 -0.031284
0.033156 0.044727 -0.002943 0.140203 -0.046467 0.001261
0.031547 0.035257 0.046291 0.114420 -0.047556 0.006474
0.049377 0.100925 0.025540 0.115967 -0.068927 0.026127
0.049449 0.043840 -0.003446 0.104679 -0.063999 0.030711
0.035432 0.035619 0.008823 0.099236 -0.051738 -0.002865
0.023863 0.033415 0.022921 0.104851 -0.030768 -0.000802
0.019200 0.040336 0.007974 0.107945 -0.021887 0.006360
0.014913 0.047421 0.031402 0.088751 -0.021257 -0.012949
0.015296 0.064506 0.070492 0.031513 -0.026471 0.014725
0.007590 0.081208 0.020332 0.114191 -0.027445 -0.006245
0.006183 0.010497 0.075351 0.044576 -0.004469 -0.001948
0.013984 0.096058 0.016097 0.102560 -0.014897 -0.022288
0.008550 0.017037 0.062307 0.052196 -0.016616 -0.023778
0.015281 0.105332 -0.007024 0.121811 -0.023491 -0.037873
0.013226 0.018679 -0.003512 0.144271 -0.015241 -0.021429
0.020403 0.040120 0.012124 0.111956 -0.023033 -0.028648
0.030955 0.072376 0.010362 0.118946 -0.035466 -0.020283
0.031793 0.027983 0.008697 0.146620 -0.032888 -0.020111
0.043580 0.031532 0.056315 0.072537 -0.043717 -0.028533
0.061211 0.210394 0.059718 0.530445 -0.062166 -0.054832
0.071583 0.130070 0.062698 0.270608 -0.074198 -0.059530
0.059155 0.093004 0.090205 0.271525 -0.075401 -0.055176
0.047263 0.080337 0.042574 0.307163 -0.069271 -0.067953
0.057141 0.117554 0.036759 0.236632 -0.081245 -0.032315
0.061562 0.083747 0.087172 0.161059 -0.085371 -0.005329
0.051297 0.049218 0.056039 0.106055 -0.068927 -0.025554
0.053404 0.057076 0.059105 0.132984 -0.067666 -0.017819
0.053859 0.047951 0.051850 0.177273 -0.070245 -0.014037
0.060126 0.065980 0.063398 0.199389 -0.060791 -0.015012
0.074562 0.033931 0.058768 0.219271 -0.078954 -0.012319
0.086133 0.105812 0.100170 0.127025 -0.097346 -0.006761
0.079516 0.089304 0.082319 0.197556 -0.088522 -0.021142
0.070033 0.070950 0.092808 0.149771 -0.071792 -0.037128
0.074607 0.102372 0.076663 0.103018 -0.085944 -0.033403
0.071806 0.115821 0.025905 0.123014 -0.090757 -0.057983
0.052338 0.066538 0.022276 0.133786 -0.060676 -0.031054
0.055753 0.034842 0.040904 0.130405 -0.052196 0.005959
0.051870 0.056619 0.077465 0.127483 -0.055061 0.013866
0.064440 0.057299 0.072213 0.119003 -0.065317 0.025325
0.086187 0.074301 0.073518 0.129603 -0.098778 0.010485
0.115612 0.067941 0.063869 0.139172 -0.123587 0.028591
0.139373 0.072653 0.091388 0.137625 -0.147021 0.041253
0.154799 0.068105 0.111897 0.105596 -0.180425 0.065432
0.132200 0.065420 0.089367 0.069557 -0.151146 0.044863
0.111471 0.126303 0.053405 0.073969 -0.117915 -0.013636
0.094420 0.041697 0.057901 0.058671 -0.108003 -0.022059
0.086067 0.051324 0.047707 0.036154 -0.090585 -0.025669
0.094063 0.071244 0.124229 0.020741 -0.113102 0.008193
0.101370 0.009160 0.090203 0.048931 -0.102961 0.006875
0.104677 0.052237 0.084061 0.076547 -0.113045 -0.038331
0.116579 0.048727 0.100011 0.078724 -0.110581 -0.008251
0.088990 0.126891 0.054666 0.088006 -0.092590 -0.058327
0.082019 0.038172 0.036632 0.117399 -0.084912 -0.052655
0.087542 0.065080 0.067041 0.127311 -0.085142 -0.083079
0.096930 0.102575 0.075947 0.098663 -0.082735 -0.080042
0.102073 0.172217 0.052887 0.014954 -0.091731 -0.086860
0.078717 0.093812 -0.008657 0.147193 -0.081532 -0.074313
0.080571 0.006311 0.039240 0.099294 -0.072078 -0.064114
0.090606 0.118712 0.063463 0.078209 -0.093965 -0.065776
0.078604 0.073380 0.051713 0.088407 -0.073339 -0.068010
0.074148 0.105606 0.093423 0.065317 -0.081074 -0.089496
0.071462 0.138711 0.025701 0.163121 -0.081188 -0.111670
0.080343 0.036124 0.045138 0.112243 -0.078839 -0.087262
0.090225 0.148678 0.006367 0.167075 -0.104107 -0.068010
0.083232 0.077259 0.060582 0.077636 -0.105997 -0.043086
0.085130 0.074697 0.011308 0.102617 -0.084339 -0.092304
0.081655 0.198622 0.067239 0.076318 -0.080673 -0.060390
0.071880 0.132278 0.052431 0.115795 -0.073109 -0.070359
0.071725 0.059646 0.107428 0.050650 -0.080386 -0.060619
0.060340 0.127671 0.069512 0.130806 -0.059874 -0.079527
0.054155 0.002873 0.099192 0.100039 -0.062051 -0.066005
0.052667 0.049288 0.072413 0.145875 -0.064916 -0.085600
0.060640 0.030422 0.053309 0.156131 -0.063312 -0.092590
0.056912 0.048040 0.059214 0.160658 -0.073797 -0.112357
0.070876 0.119714 0.104657 0.065604 -0.080100 -0.111670
0.074502 0.181258 0.022556 0.214344 -0.076261 -0.132754
0.044505 0.422309 0.060669 0.837837 -0.027960 -0.074656
0.025478 0.364228 0.083072 0.550212 -0.039076 -0.086116
0.040511 0.403546 0.131157 0.479280 -0.046123 -0.094022
0.029899 0.422399 0.151016 0.438714 -0.049446 -0.082391
0.025472 0.339523 0.094621 0.517611 -0.027387 -0.099637
0.011279 0.262784 0.086316 0.527465 -0.019939 -0.103075
0.004670 0.282041 0.129677 0.507584 -0.004985 -0.100153
-0.005509 0.386405 0.190473 0.420036 0.001203 -0.143125
0.005357 0.363523 0.093464 0.531877 -0.019538 -0.105195
0.004181 0.276469 0.072129 0.391502 -0.028648 -0.093392
0.001197 0.365690 0.042016 0.468680 -0.028648 -0.152235
-0.027257 0.272679 0.066831 0.396315 -0.002005 -0.119290
-0.031852 0.302124 0.070423 0.324581 -0.003724 -0.112071
-0.036044 0.353625 0.025414 0.362511 -0.003037 -0.118144
-0.039982 0.340262 0.074829 0.303496 0.000802 -0.128515
-0.005490 0.341963 0.025299 0.297881 -0.034664 -0.150688
-0.008745 0.274597 0.028065 0.370532 -0.017361 -0.128629
-0.007345 0.273410 0.048295 0.240700 -0.017475 -0.097517
-0.019426 0.315857 -0.005185 0.327388 0.003667 -0.156761
-0.027893 0.207613 0.017958 0.306132 -0.007907 -0.156933
-0.036179 0.278144 0.017688 0.260467 -0.002750 -0.168392
-0.038939 0.223364 0.054173 0.167247 -0.008594 -0.158423
-0.050831 0.262994 0.000964 0.425765 0.013465 -0.200593
-0.074132 0.283808 -0.005095 0.395341 0.028018 -0.223225
-0.070139 0.327248 0.027167 0.333519 0.013178 -0.245971
-0.071142 0.391469 -0.024108 0.377064 0.006704 -0.304527
-0.058584 0.244340 -0.018677 0.389898 -0.030481 -0.347385
-0.051740 0.275219 0.004953 0.304527 -0.032429 -0.340738
-0.051158 0.360181 0.007546 0.318164 -0.054145 -0.353916
-0.057040 0.241491 0.007729 0.334436 -0.050478 -0.371334
-0.062727 0.234063 0.043539 0.326300 -0.042685 -0.375058
-0.035747 0.346136 0.020608 0.256456 -0.055348 -0.362683
-0.044610 0.345884 0.012429 0.311231 -0.033976 -0.400956
-0.061804 0.182590 0.031489 0.353171 -0.014381 -0.397690
-0.054847 0.235775 0.092884 0.333691 -0.039076 -0.422901
-0.083290 0.313409 0.076322 0.318851 -0.025382 -0.456877
-0.060328 0.281013 0.083500 0.261384 -0.028992 -0.421583
-0.064379 0.373819 0.007530 0.290834 -0.015355 -0.421984
-0.041224 0.236134 -0.030895 0.362511 -0.017876 -0.387263
-0.057171 0.200900 0.018984 0.336842 -0.023434 -0.386919
-0.027097 0.364584 0.027666 0.232678 -0.049217 -0.378611
-0.038583 0.351284 -0.005486 0.273702 -0.032258 -0.424619
-0.033572 0.218910 0.019623 0.242304 -0.041253 -0.396258
-0.041507 0.255679 0.069796 0.156589 -0.041883 -0.428344
-0.056330 0.260543 -0.001440 0.295933 -0.039248 -0.476014
-0.061554 0.240296 0.040752 0.282354 -0.035294 -0.497958
-0.045066 0.314043 0.020134 0.314440 -0.055004 -0.525059
-0.058980 0.311867 0.017866 0.311747 -0.042915 -0.581152
-0.051429 0.376659 -0.053264 0.382564 -0.046238 -0.581152
-0.040101 0.289409 -0.007825 0.337816 -0.067494 -0.606362
-0.046594 0.332136 -0.027352 0.294386 -0.069729 -0.613123
-0.047989 0.340305 -0.072397 0.360563 -0.077808 -0.624983
-0.042524 0.242057 -0.045828 0.323721 -0.089439 -0.626301
-0.035052 0.316413 0.025279 0.176643 -0.085772 -0.600059
-0.018436 0.401851 -0.016831 0.267973 -0.085485 -0.582813
-0.005871 0.220563 -0.027225 0.326758 -0.094424 -0.538695
0.007309 0.189706 0.182662 0.277770 -0.121524 -0.464497
0.019633 0.400867 0.021143 0.296105 -0.116311 -0.544024
-0.002241 0.297740 0.050500 0.245685 -0.103476 -0.464555
-0.032998 0.392100 0.017916 0.331170 -0.069156 -0.439688
-0.031141 0.304983 0.040391 0.312205 -0.067953 -0.471717
-0.024081 0.249452 0.009891 0.331284 -0.077349 -0.494520
0.007332 0.268056 0.029708 0.340796 -0.101872 -0.515147
0.003797 0.245936 -0.017989 0.452064 -0.059416 -0.563676
-0.007632 0.290691 0.029211 0.396888 -0.094194 -0.558634
-0.037799 0.324417 0.008456 0.376605 -0.048243 -0.578000
-0.050157 0.341711 -0.063168 0.455731 -0.055863 -0.601091
-0.030360 0.249238 0.053818 0.405826 -0.075115 -0.633233
-0.030305 0.319696 0.044830 0.377465 -0.077693 -0.659933
-0.032989 0.333649 0.021359 0.389497 -0.075115 -0.652771
-0.025629 0.295843 0.033100 0.393393 -0.084741 -0.672481
-0.033405 0.336611 0.039953 0.389726 -0.077693 -0.703192
-0.045915 0.334386 0.029756 0.357984 -0.067838 -0.725021
-0.043067 0.374346 0.044965 0.248607 -0.067552 -0.695571
-0.036451 0.426028 -0.072138 0.383309 -0.071219 -0.672653
-0.036253 0.244870 -0.043659 0.344176 -0.054087 -0.671106
-0.034329 0.324952 -0.036768 0.306762 -0.073109 -0.656037
-0.027956 0.237530 -0.009364 0.316101 -0.074084 -0.660105
-0.047949 0.309142 -0.009393 0.326185 -0.069328 -0.698723
-0.050916 0.366268 0.047073 0.232048 -0.054546 -0.723303
-0.040786 0.336240 -0.007993 0.320226 -0.049618 -0.738601
-0.038030 0.268580 0.033163 0.337873 -0.083308 -0.705827
-0.030726 0.295074 -0.024539 0.400612 -0.022746 -0.730006
-0.010914 0.384523 -0.047032 0.402102 -0.070302 -0.744101
-0.026350 0.338622 -0.070548 0.397117 -0.043946 -0.719521
-0.049309 0.312969 -0.054701 0.363026 -0.042456 -0.731209
-0.037537 0.339056 0.017905 0.371735 -0.049274 -0.773608
-0.070760 0.337319 0.030149 0.389554 -0.039935 -0.807413
-0.054765 0.397922 -0.017371 0.381762 -0.046582 -0.794292
-0.025233 0.353387 -0.052868 0.409780 -0.099351 -0.844483
-0.023926 0.255813 -0.002621 0.383939 -0.092647 -0.875652
-0.012361 0.358827 0.069452 0.263790 -0.116540 -0.906076
-0.015477 0.323637 -0.037453 0.390758 -0.118832 -0.888085
-0.012948 0.244132 0.060028 0.314038 -0.116368 -0.896966
-0.015646 0.382258 0.055354 0.294959 -0.108862 -0.888544
-0.002360 0.257725 0.045927 0.302808 -0.098778 -0.871355
-0.022798 0.234293 -0.002750 0.390815 -0.085428 -0.867974
-0.010326 0.242433 0.043424 0.331113 -0.111727 -0.898513
-0.010428 0.391565 0.054552 0.266540 -0.112243 -0.894388
-0.017742 0.424118 -0.016293 0.375173 -0.103476 -0.934266
-0.013703 0.224435 0.028119 0.291636 -0.094710 -0.892784
-0.018751 0.343651 0.006322 0.273588 -0.096658 -0.885736
-0.031953 0.402376 -0.078978 0.404165 -0.082850 -0.895018
-0.038935 0.322801 -0.013552 0.236632 -0.066119 -0.885736
-0.008215 0.344681 0.013466 0.351052 -0.097976 -0.804090
-0.019887 0.440060 -0.160321 0.384856 -0.087605 -0.793776
-0.021940 0.349696 -0.075840 0.336498 -0.093220 -0.852390
-0.028028 0.347010 -0.104975 0.457221 -0.090699 -0.886882
-0.038303 0.314061 -0.042090 0.398321 -0.070875 -0.879262
-0.053166 0.349558 -0.015118 0.368527 -0.067494 -0.916791
-0.069064 0.438229 -0.025395 0.335925 -0.054145 -0.925729
-0.068471 0.409491 -0.092436 0.414822 -0.058843 -0.908253
-0.073926 0.376547 -0.078139 0.301605 -0.040565 -0.904357
-0.077208 0.425603 -0.114239 0.341884 -0.019366 -0.858979
-0.063002 0.285681 0.092676 0.220818 -0.064343 -0.780140
-0.056033 0.494167 -0.052920 0.266827 -0.001891 -0.803173
-0.083816 0.344888 -0.005525 0.290834 -0.048873 -0.830904
-0.080290 0.366859 -0.000813 0.290318 -0.002292 -0.870324
-0.102497 0.417960 -0.065897 0.373683 -0.017876 -0.898513
-0.108930 0.390433 -0.030384 0.320742 0.046009 -0.904587
-0.084245 0.340710 0.017087 0.384741 -0.027502 -0.952371
-0.061733 0.437860 -0.001498 0.309913 -0.059301 -0.919655
-0.050184 0.428814 -0.035705 0.353229 -0.063197 -0.900232
-0.075766 0.411864 -0.087874 0.436709 -0.032028 -0.916046
-0.079099 0.365052 -0.081648 0.451663 -0.035982 -0.945381
-0.087186 0.366004 -0.098366 0.411098 -0.023434 -0.979071
-0.095776 0.376377 -0.087032 0.429604 -0.042112 -1.033158
-0.090784 0.355398 -0.051009 0.382049 -0.052139 -1.049373
-0.101718 0.356677 -0.047761 0.376892 -0.055520 -1.058712
-0.105133 0.363124 -0.024267 0.384684 -0.050306 -1.085584
-0.063873 0.301087 -0.006737 0.298110 -0.078839 -1.067020
-0.054989 0.426955 -0.018561 0.191425 -0.111727 -1.012016
-0.071085 0.386739 -0.076000 0.283156 -0.079813 -1.005943
-0.041752 0.383916 -0.023650 0.270436 -0.087949 -0.858864
-0.007073 0.428004 -0.050925 0.233480 -0.069614 -0.777963
-0.030072 0.349622 -0.095000 0.315070 -0.054202 -0.768280
-0.047761 0.335413 -0.090949 0.271754 -0.062624 -0.758081
-0.007344 0.160936 0.124837 0.212911 -0.124561 -0.752753
-0.034878 0.439347 -0.039120 0.315585 -0.073224 -0.804949
-0.070902 0.214578 0.142569 0.248148 -0.080787 -0.773207
-0.056481 0.396672 -0.072638 0.421640 -0.074828 -0.841618
-0.077376 0.259304 0.023431 0.417916 -0.048014 -0.838926
-0.081597 0.325051 -0.033059 0.393565 -0.058327 -0.820820
-0.105198 0.417703 -0.070621 0.466617 -0.023033 -0.887971
-0.116342 0.480920 0.064474 0.341426 -0.021715 -0.914957
-0.121976 0.566708 -0.040270 0.353171 -0.020340 -0.934610
-0.140143 0.255824 -0.012142 0.400211 -0.018507 -0.949621
-0.148439 0.444563 -0.101637 0.481400 0.001203 -1.001588
-0.135480 0.300837 -0.004609 0.396487 -0.018392 -1.003536
-0.118285 0.409328 0.046739 0.346468 -0.060218 -1.061978
-0.084196 0.419721 -0.060963 0.414363 -0.076547 -1.031898
-0.090277 0.463457 -0.092553 0.447022 -0.087262 -1.095038
-0.092301 0.453146 -0.046229 0.357239 -0.078896 -1.095095
-0.092865 0.462854 -0.115297 0.344921 -0.072708 -1.022788
-0.093437 0.448545 -0.082383 0.260295 -0.060905 -0.991218
-0.062141 0.424772 -0.078520 0.377809 -0.068297 -0.929797
-0.047537 0.361482 -0.081491 0.345207 -0.072651 -0.898628
-0.057547 0.502367 -0.186127 0.411957 -0.055290 -0.896451
-0.045169 0.302587 -0.056419 0.337759 -0.067151 -0.856630
-0.074479 0.443226 -0.025595 0.291235 -0.047269 -0.887856
-0.074991 0.238204 -0.017973 0.267056 -0.099809 -0.796641
0.002262 0.411700 -0.026182 0.405941 -0.109607 -0.814517
-0.035968 0.476070 -0.099266 0.488963 -0.064973 -0.858750
-0.047036 0.434358 0.010149 0.332430 -0.063426 -0.887799
-0.049355 0.444457 -0.054417 0.436823 -0.046983 -0.896909
-0.066631 0.458590 -0.069460 0.473321 -0.039133 -0.922577
-0.100795 0.417626 -0.056186 0.452924 -0.007735 -0.952027
-0.093459 0.399424 -0.073244 0.474524 -0.025898 -0.942344
-0.116118 0.379644 -0.001689 0.374887 -0.013636 -0.986863
-0.063175 0.431455 -0.055234 0.405024 -0.073052 -0.891752
-0.074059 0.404180 -0.102284 0.424505 -0.068698 -0.912207
-0.082383 0.485558 -0.046713 0.315471 -0.038560 -0.938047
-0.096748 0.554964 -0.132194 0.424218 -0.049217 -0.977467
-0.113391 0.392278 -0.156423 0.417744 -0.037529 -0.939995
-0.109919 0.429863 -0.090904 0.271410 -0.048128 -0.947100
-0.100123 0.401875 -0.040369 0.323492 -0.071620 -0.976321
-0.083425 0.323878 -0.104124 0.372480 -0.087204 -0.944636
-0.082489 0.358061 -0.127087 0.390700 -0.069786 -0.936214
-0.092335 0.431704 -0.049059 0.261441 -0.073912 -0.926359
-0.105906 0.419534 -0.091480 0.376090 -0.064802 -0.938620
-0.087105 0.322333 -0.055037 0.315414 -0.069328 -0.910373
-0.125876 0.469044 -0.076622 0.378439 -0.028018 -0.949277
-0.143639 0.371700 -0.070364 0.379528 -0.015183 -0.965091
-0.148644 0.339519 -0.063713 0.377923 -0.004985 -1.000213
-0.134563 0.445603 -0.070979 0.357469 -0.019595 -0.977410
-0.123840 0.485713 -0.134695 0.531476 -0.033690 -0.989098
-0.072284 0.217977 0.096139 0.291006 -0.126509 -0.876282
-0.107268 0.519092 -0.214528 0.533825 -0.050707 -0.977180
-0.096815 0.439952 -0.186532 0.515376 -0.057697 -0.989098
-0.138875 0.472845 -0.167885 0.489650 -0.038503 -1.028346
-0.129991 0.486837 -0.116183 0.420723 -0.023262 -1.021012
-0.135213 0.553801 -0.220686 0.481514 -0.029278 -1.041180
-0.145480 0.373443 -0.225547 0.508787 -0.021429 -1.036940
-0.147834 0.418998 -0.185269 0.398894 -0.021429 -1.008922
-0.141853 0.499866 -0.172430 0.356724 -0.014610 -0.975003
-0.122916 0.356133 -0.132593 0.298454 -0.059244 -0.883043
-0.056992 0.556750 -0.204364 0.350994 -0.090642 -0.906019
-0.083634 0.492730 -0.262900 0.354088 -0.044920 -0.840243
-0.095427 0.386092 -0.279883 0.408347 -0.028132 -0.805809
-0.102477 0.428105 -0.218995 0.324638 -0.025554 -0.810793
-0.107779 0.397889 -0.289590 0.432870 -0.050420 -0.804605
-0.039370 0.341372 -0.157448 0.363886 -0.131265 -0.806496
-0.063308 0.701298 -0.293471 0.422614 -0.106398 -0.897482
-0.085667 0.590231 -0.273647 0.363485 -0.062395 -0.900690
-0.127037 0.493045 -0.256477 0.476529 -0.046410 -0.962054
-0.155546 0.512399 -0.179806 0.346353 -0.034492 -1.019579
-0.147292 0.477279 -0.228020 0.440089 -0.031914 -1.050977
-0.130534 0.438765 -0.220011 0.455960 -0.085428 -1.100825
-0.113819 0.519698 -0.180079 0.449371 -0.131379 -1.211062
-0.090440 0.525472 -0.201225 0.450918 -0.152751 -1.214213
-0.088594 0.521419 -0.279073 0.464383 -0.174580 -1.264748
-0.085384 0.452571 -0.259714 0.412129 -0.182143 -1.266696
-0.087306 0.456695 -0.196516 0.418431 -0.202369 -1.317460
-0.084279 0.455416 -0.195824 0.397117 -0.193603 -1.284859
-0.071301 0.471037 -0.164591 0.298282 -0.179622 -1.245268
-0.026262 0.535462 -0.291630 0.413332 -0.220302 -1.168606
0.006407 0.445895 -0.297185 0.319023 -0.216464 -1.046451
-0.001316 0.507782 -0.288441 0.298683 -0.214000 -1.062494
-0.051461 0.463056 -0.310879 0.455502 -0.170684 -1.179549
-0.068096 0.360592 -0.266303 0.435047 -0.164324 -1.185164
-0.068420 0.474543 -0.230134 0.295646 -0.179451 -1.178804
-0.078442 0.567972 -0.377345 0.404967 -0.143813 -1.170325
-0.065481 0.481709 -0.345832 0.398550 -0.171085 -1.173189
0.004478 0.610414 -0.450756 0.483405 -0.215547 -1.086386
-0.025397 0.485485 -0.223107 0.303496 -0.220704 -1.048571
-0.061854 0.542728 -0.324349 0.364230 -0.187758 -1.126722
-0.068401 0.472471 -0.342474 0.453325 -0.183519 -1.163621
-0.038256 0.508486 -0.387721 0.458252 -0.190852 -1.142765
-0.079924 0.501441 -0.371720 0.456476 -0.181456 -1.212437
-0.074860 0.474770 -0.316490 0.439001 -0.200936 -1.262342
-0.083885 0.531646 -0.362310 0.443527 -0.185581 -1.281765
-0.127911 0.507672 -0.253986 0.407488 -0.161975 -1.342670
-0.134314 0.505306 -0.307932 0.405884 -0.147308 -1.307491
-0.129636 0.508261 -0.317752 0.391273 -0.149026 -1.348572
-0.135218 0.491797 -0.364280 0.414936 -0.143870 -1.333675
-0.134734 0.541150 -0.242401 0.256399 -0.144844 -1.319981
-0.099809 0.616106 -0.362073 0.420666 -0.124790 -1.274259
-0.122930 0.379177 -0.272001 0.349275 -0.118029 -1.302735
-0.118539 0.450982 -0.283593 0.398894 -0.156017 -1.331842
-0.070653 0.436501 -0.152133 0.174065 -0.239095 -1.239194
-0.020226 0.446104 -0.133988 0.297595 -0.262931 -1.164996
-0.039189 0.406215 -0.160490 0.269978 -0.221391 -1.157949
-0.046237 0.497755 -0.233229 0.378897 -0.201108 -1.169752
-0.090121 0.373088 -0.149257 0.327446 -0.164267 -1.147693
-0.065717 0.642552 -0.348789 0.492057 -0.162033 -1.201092
-0.089270 0.495525 -0.196801 0.336040 -0.147078 -1.226131
-0.121559 0.583583 -0.264204 0.428229 -0.138656 -1.302964
-0.177384 0.460020 -0.297914 0.503000 -0.107086 -1.348973
-0.167046 0.524693 -0.294302 0.422557 -0.098950 -1.315340
-0.153738 0.637557 -0.361473 0.468336 -0.125936 -1.374069
-0.132583 0.399576 -0.246346 0.406915 -0.121181 -1.389195
-0.146924 0.553491 -0.347575 0.455846 -0.123988 -1.369886
-0.152241 0.492363 -0.326711 0.478993 -0.113045 -1.394179
-0.140250 0.570353 -0.245292 0.345093 -0.126910 -1.384324
-0.146177 0.566197 -0.303357 0.414077 -0.124561 -1.351437
-0.145128 0.531430 -0.321591 0.416827 -0.131551 -1.289443
-0.029117 0.414813 -0.053797 0.354776 -0.202598 -1.097215
-0.000003 0.635625 -0.341032 0.501396 -0.177560 -1.089136
-0.063577 0.523627 -0.223837 0.409150 -0.146964 -1.087475
-0.129107 0.567558 -0.258645 0.436193 -0.053342 -1.157376
-0.170326 0.504052 -0.301814 0.501682 -0.029794 -1.217479
-0.186185 0.528845 -0.253395 0.395399 0.025210 -1.189175
-0.171651 0.604195 -0.333397 0.532908 0.010199 -1.168090
-0.227690 0.466046 -0.299644 0.468393 0.050764 -1.225500
-0.248064 0.561397 -0.183053 0.298053 0.054202 -1.251513
-0.211351 0.533819 -0.258520 0.454184 0.042972 -1.206421
-0.220228 0.529741 -0.251913 0.425250 0.052196 -1.234668
-0.197874 0.505875 -0.273167 0.454757 0.003209 -1.314023
-0.196984 0.470662 -0.201958 0.406858 -0.030138 -1.382778
-0.204220 0.498489 -0.217097 0.417286 -0.046696 -1.389596
-0.213353 0.465704 -0.215498 0.400842 -0.037185 -1.415035
-0.217424 0.510449 -0.212724 0.362568 -0.057811 -1.496166
-0.228447 0.451450 -0.246039 0.412988 -0.050821 -1.534611
-0.227311 0.463136 -0.140475 0.203515 -0.055863 -1.531346
-0.233871 0.551300 -0.222344 0.278916 -0.041998 -1.524241
-0.192612 0.141100 -0.107544 0.202197 -0.117858 -1.326112
-0.179787 0.387497 -0.112459 0.316445 -0.091158 -1.342670
-0.192443 0.573336 -0.203897 0.298798 -0.082964 -1.402144
-0.213462 0.447187 -0.194625 0.321601 -0.093106 -1.433370
-0.208366 0.447358 -0.175118 0.338733 -0.034779 -1.382778
-0.194856 0.421607 -0.142840 0.347270 -0.017533 -1.489806
-0.191208 0.429293 -0.116167 0.300918 -0.100153 -1.463737
-0.176740 0.409366 -0.178820 0.394883 -0.088923 -1.435260
-0.157049 0.490567 -0.177842 0.285792 -0.070474 -1.377621
-0.173832 0.404973 -0.233850 0.356094 -0.059244 -1.372006
-0.199505 0.319057 -0.161320 0.314325 -0.040164 -1.407300
-0.185151 0.496571 -0.223364 0.277369 -0.055348 -1.422025
-0.217638 0.475651 -0.221624 0.314554 -0.018449 -1.443969
-0.245264 0.331576 -0.249916 0.319653 -0.004813 -1.476456
-0.242242 0.404484 -0.282231 0.336957 0.005214 -1.473935
-0.254292 0.489847 -0.338930 0.395055 0.006933 -1.511235
-0.246503 0.358375 -0.287907 0.320627 0.001432 -1.529111
-0.246247 0.469785 -0.263259 0.330712 -0.010313 -1.571968
-0.233834 0.453061 -0.289124 0.338332 -0.015470 -1.583313
-0.267505 0.404093 -0.308310 0.349390 -0.009568 -1.626457
-0.258316 0.452370 -0.190975 0.164439 -0.011402 -1.597465
-0.233332 0.490275 -0.320922 0.288427 0.000344 -1.501093
-0.198302 0.234945 -0.165447 0.198129 -0.124389 -1.245669
-0.179758 0.589187 -0.503588 0.317533 -0.086001 -1.167632
-0.125196 1.040717 -0.889335 0.074370 -0.007219 -1.016829
-0.124042 0.706887 -0.796605 0.241559 -0.011918 -1.018605
-0.142875 0.698208 -0.795355 0.268087 0.005386 -0.999927
-0.147295 0.730939 -0.811124 0.309627 0.022632 -0.988124
